Date,Close
,DVFF11.SA
2022-03-14,4.946925640106201
2022-03-15,5.05558443069458
2022-03-16,5.033195495605469
2022-03-17,5.174120903015137
2022-03-18,5.076658248901367
2022-03-21,5.005537509918213
2022-03-22,4.940340518951416
2022-03-23,4.940340518951416
2022-03-24,4.971951484680176
2022-03-25,5.153047561645508
2022-03-28,5.153047561645508
2022-03-29,5.153047561645508
2022-03-30,5.153047561645508
2022-03-31,4.998292922973633
2022-04-01,5.058219909667969
2022-04-04,4.656512260437012
2022-04-05,4.687461853027344
2022-04-06,4.782951354980469
2022-04-07,4.810608863830566
2022-04-08,4.820584297180176
2022-04-11,4.853828430175781
2022-04-12,4.820584297180176
2022-04-13,4.8870744705200195
2022-04-14,4.830557823181152
2022-04-18,4.721512317657471
2022-04-19,4.689595699310303
2022-04-20,4.712868690490723
2022-04-22,4.7873382568359375
2022-04-25,4.655021667480469
2022-04-26,4.703559875488281
2022-04-27,4.648372650146484
2022-04-28,4.7713799476623535
2022-04-29,4.7873382568359375
2022-05-02,4.704224586486816
2022-05-03,4.744119644165039
2022-05-04,4.750766754150391
2022-05-05,4.645047187805176
2022-05-06,4.657016754150391
2022-05-09,4.839156150817871
2022-05-10,4.822354793548584
2022-05-11,4.707424163818359
2022-05-12,4.707424163818359
2022-05-13,4.706080913543701
2022-05-16,4.738340854644775
2022-05-17,4.803534030914307
2022-05-18,4.771945476531982
2022-05-19,4.771272659301758
2022-05-20,4.771272659301758
2022-05-23,4.738340854644775
2022-05-24,4.705407619476318
2022-05-25,4.708096027374268
2022-05-26,4.736996650695801
2022-05-27,4.771945476531982
2022-05-30,4.751110076904297
2022-05-31,4.7699294090271
2022-06-01,4.738340854644775
2022-06-02,4.721536159515381
2022-06-03,4.723553657531738
2022-06-06,4.757832050323486
2022-06-07,4.7114577293396
2022-06-08,4.691061019897461
2022-06-09,4.7250542640686035
2022-06-10,4.819555282592773
2022-06-13,4.786241054534912
2022-06-14,4.759047985076904
2022-06-15,4.792359352111816
2022-06-17,4.761765480041504
2022-06-20,4.759047985076904
2022-06-21,4.73117208480835
2022-06-22,4.776042938232422
2022-06-23,4.782162189483643
2022-06-24,4.770604133605957
2022-06-27,4.802558422088623
2022-06-28,4.802558422088623
2022-06-29,4.802558422088623
2022-06-30,4.895020484924316
2022-07-01,4.893659591674805
2022-07-04,4.895020484924316
2022-07-05,4.758367538452148
2022-07-06,4.792359352111816
2022-07-07,4.7889604568481445
2022-07-08,4.8116455078125
2022-07-11,4.8322672843933105
2022-07-12,4.829516887664795
2022-07-13,4.802021026611328
2022-07-14,4.808207988739014
2022-07-15,4.839139461517334
2022-07-18,4.846014499664307
2022-07-19,4.8116455078125
2022-07-20,4.87969446182251
2022-07-21,4.880382061004639
2022-07-22,4.935371398925781
2022-07-25,4.935371398925781
2022-07-26,4.8597612380981445
2022-07-27,4.933310031890869
2022-07-28,4.942246437072754
2022-07-29,4.942246437072754
2022-08-01,4.942246437072754
2022-08-02,4.625365257263184
2022-08-03,4.639799118041992
2022-08-04,4.538066864013672
2022-08-05,4.56350040435791
2022-08-08,4.650404930114746
2022-08-09,4.7588605880737305
2022-08-10,4.752603054046631
2022-08-11,4.817956924438477
2022-08-12,4.963953495025635
2022-08-15,5.073105335235596
2022-08-16,5.039735317230225
2022-08-17,5.040430545806885
2022-08-18,5.095353126525879
2022-08-19,5.085620403289795
2022-08-22,5.261513710021973
2022-08-23,5.276113033294678
2022-08-24,5.408205509185791
2022-08-25,5.410293102264404
2022-08-26,5.415855884552002
2022-08-29,5.477730751037598
2022-08-30,5.470778465270996
2022-08-31,5.442274570465088
2022-09-01,5.403341293334961
2022-09-02,5.484683036804199
2022-09-05,5.492331027984619
2022-09-06,5.492331027984619
2022-09-08,5.4860734939575195
2022-09-09,5.501515865325928
2022-09-12,5.509937763214111
2022-09-13,5.5078325271606445
2022-09-14,5.47835111618042
2022-09-15,5.448171138763428
2022-09-16,5.431325435638428
2022-09-19,5.397634029388428
2022-09-20,5.334461688995361
2022-09-21,5.264272689819336
2022-09-22,5.3555192947387695
2022-09-23,5.333760738372803
2022-09-26,5.233387470245361
2022-09-27,5.3155107498168945
2022-09-28,5.352009296417236
2022-09-29,5.3555192947387695
2022-09-30,5.354818344116211
2022-10-03,5.2923479080200195
2022-10-04,5.2923479080200195
2022-10-05,5.343585968017578
2022-10-06,5.3442888259887695
2022-10-07,5.3442888259887695
2022-10-10,5.274098873138428
2022-10-11,5.247426986694336
2022-10-13,5.257955551147461
2022-10-14,5.271291732788086
2022-10-17,5.271291732788086
2022-10-18,5.269886493682861
2022-10-19,5.269886493682861
2022-10-20,5.269886493682861
2022-10-21,5.269886493682861
2022-10-24,5.269886493682861
2022-10-25,5.2425127029418945
2022-10-26,5.222159385681152
2022-10-27,5.213032245635986
2022-10-28,5.212331295013428
2022-10-31,5.269886493682861
2022-11-01,5.267781734466553
2022-11-03,5.265675067901611
2022-11-04,5.250232219696045
2022-11-07,5.230581760406494
2022-11-08,5.2411088943481445
2022-11-09,5.236149787902832
2022-11-10,5.1553754806518555
2022-11-11,5.238983154296875
2022-11-14,5.314089298248291
2022-11-16,5.178757667541504
2022-11-17,5.172380447387695
2022-11-18,5.0164995193481445
2022-11-21,5.090188503265381
2022-11-22,5.064681053161621
2022-11-23,4.978238582611084
2022-11-24,4.981781482696533
2022-11-25,5.055469989776611
2022-11-28,4.975404262542725
2022-11-29,5.021461009979248
2022-11-30,5.156791687011719
2022-12-01,5.059013366699219
2022-12-02,5.101525783538818
2022-12-05,5.02996301651001
2022-12-06,5.09302282333374
2022-12-07,5.143332004547119
2022-12-08,5.118954181671143
2022-12-09,5.090993404388428
2022-12-12,5.053712844848633
2022-12-13,4.976284027099609
2022-12-14,4.961945056915283
2022-12-15,5.033638000488281
2022-12-16,4.842931270599365
2022-12-19,4.941153049468994
2022-12-20,4.9347004890441895
2022-12-21,4.895985126495361
2022-12-22,4.982733726501465
2022-12-23,5.090276718139648
2022-12-26,5.1548004150390625
2022-12-27,5.128990650177002
2022-12-28,5.081673622131348
2022-12-29,5.233664512634277
2023-01-02,5.161970615386963
2023-01-03,5.161970615386963
2023-01-04,5.133293151855469
2023-01-05,5.118954181671143
2023-01-06,5.118954181671143
2023-01-09,5.1689839363098145
2023-01-10,5.176234722137451
2023-01-11,5.176234722137451
2023-01-12,5.143606662750244
2023-01-13,5.089951038360596
2023-01-16,5.112428188323975
2023-01-17,5.184934139251709
2023-01-18,5.220463752746582
2023-01-19,5.191460609436035
2023-01-20,5.254540920257568
2023-01-23,5.142880916595459
2023-01-24,5.1950860023498535
2023-01-25,5.155207633972168
2023-01-26,5.155207633972168
2023-01-27,5.248015880584717
2023-01-30,5.237138748168945
2023-01-31,5.23351526260376
2023-02-01,5.2349653244018555
2023-02-02,5.147956371307373
2023-02-03,5.084151268005371
2023-02-06,5.111702919006348
2023-02-07,5.084151268005371
2023-02-08,4.944267272949219
2023-02-09,5.016773223876953
2023-02-10,5.063643455505371
2023-02-13,5.003589630126953
2023-02-14,5.051194190979004
2023-02-15,5.11198091506958
2023-02-16,5.258456707000732
2023-02-17,5.097334384918213
2023-02-22,5.196204662322998
2023-02-23,5.196204662322998
2023-02-24,5.0958685874938965
2023-02-27,4.982350826263428
2023-02-28,5.137613296508789
2023-03-01,5.156655788421631
2023-03-02,5.016039848327637
2023-03-03,5.080489158630371
2023-03-06,5.072432041168213
2023-03-07,5.0175042152404785
2023-03-08,4.925753116607666
2023-03-09,4.92205286026001
2023-03-10,5.016025066375732
2023-03-13,4.824382305145264
2023-03-14,4.8902363777160645
2023-03-15,4.850278854370117
2023-03-16,4.724490165710449
2023-03-17,4.772584915161133
2023-03-20,4.778505325317383
2023-03-21,4.782204627990723
2023-03-22,4.805883407592773
2023-03-23,4.714871883392334
2023-03-24,4.713391304016113
2023-03-27,4.773327350616455
2023-03-28,4.733368873596191
2023-03-29,4.537287712097168
2023-03-30,4.683794021606445
2023-03-31,4.643096923828125
2023-04-03,4.735589504241943
2023-04-04,4.734109878540039
2023-04-05,4.672694206237793
2023-04-06,4.598702907562256
2023-04-10,4.654936790466309
2023-04-11,4.639222145080566
2023-04-12,4.657928943634033
2023-04-13,4.657928943634033
2023-04-14,4.777652263641357
2023-04-17,4.702824592590332
2023-04-18,4.729013919830322
2023-04-19,4.6773834228515625
2023-04-20,4.678879737854004
2023-04-24,4.730510711669922
2023-04-25,4.714049339294434
2023-04-26,4.714049339294434
2023-04-27,4.714049339294434
2023-04-28,4.714049339294434
2023-05-02,4.789622783660889
2023-05-03,4.863699913024902
2023-05-04,4.87866735458374
2023-05-05,4.984170436859131
2023-05-08,5.1076340675354
2023-05-09,5.144679546356201
2023-05-10,5.110658645629883
2023-05-11,5.142412185668945
2023-05-12,5.152237892150879
2023-05-15,5.186260223388672
2023-05-16,5.575605869293213
2023-05-17,5.66254997253418
2023-05-18,5.518907070159912
2023-05-19,5.6565022468566895
2023-05-22,5.541586399078369
2023-05-23,5.582411766052246
2023-05-24,5.406259059906006
2023-05-25,5.627016067504883
2023-05-26,5.541586399078369
2023-05-29,5.622481346130371
2023-05-30,5.661036491394043
2023-05-31,5.639113426208496
2023-06-01,5.704886436462402
2023-06-02,5.66254997253418
2023-06-05,5.646673679351807
2023-06-06,5.556707382202148
2023-06-07,5.609628677368164
2023-06-09,5.883995056152344
2023-06-12,5.8465471267700195
2023-06-13,5.883995056152344
2023-06-14,5.959656715393066
2023-06-15,5.982583999633789
2023-06-16,5.945900917053223
2023-06-19,5.861832141876221
2023-06-20,5.961185455322266
2023-06-21,5.930614948272705
2023-06-22,5.874059677124023
2023-06-23,5.9527788162231445
2023-06-26,6.005512714385986
2023-06-27,6.06818151473999
2023-06-28,5.976469993591309
2023-06-29,6.101042747497559
2023-06-30,6.190461158752441
2023-07-03,6.220267295837402
2023-07-04,6.331848621368408
2023-07-05,6.2668867111206055
2023-07-06,6.271472454071045
2023-07-07,6.384582042694092
2023-07-10,6.488627910614014
2023-07-11,6.339109897613525
2023-07-12,6.497877597808838
2023-07-13,6.342963218688965
2023-07-14,6.4739837646484375
2023-07-17,6.469360828399658
2023-07-18,6.437763214111328
2023-07-19,6.314446926116943
2023-07-20,6.416952610015869
2023-07-21,6.510977745056152
2023-07-24,6.574176788330078
2023-07-25,6.5888214111328125
2023-07-26,6.538724422454834
2023-07-27,6.490168571472168
2023-07-28,6.550284385681152
2023-07-31,6.582656383514404
2023-08-01,6.505583763122559
2023-08-02,6.624273777008057
2023-08-03,6.665122032165527
2023-08-04,6.665122032165527
2023-08-07,6.61271333694458
2023-08-08,6.706848621368408
2023-08-09,6.380101203918457
2023-08-10,6.519358158111572
2023-08-11,6.534915924072266
2023-08-14,6.5878190994262695
2023-08-15,6.534915924072266
2023-08-16,6.534139156341553
2023-08-17,6.596375465393066
2023-08-18,6.508467197418213
2023-08-21,6.573815822601318
2023-08-22,6.572257041931152
2023-08-23,6.61271333694458
2023-08-24,6.626715183258057
2023-08-25,6.645386695861816
2023-08-28,6.643054008483887
2023-08-29,6.643054008483887
2023-08-30,6.643054008483887
2023-08-31,6.627493858337402
2023-09-01,6.6508331298828125
2023-09-04,6.6508331298828125
2023-09-05,6.672617435455322
2023-09-06,6.651611328125
2023-09-08,6.68817663192749
2023-09-11,6.744714736938477
2023-09-12,6.742360591888428
2023-09-13,6.70623779296875
2023-09-14,6.70623779296875
2023-09-15,6.702311038970947
2023-09-18,6.661474704742432
2023-09-19,6.750998497009277
2023-09-20,6.749427318572998
2023-09-21,6.674825668334961
2023-09-22,6.663046360015869
2023-09-25,6.697597980499268
2023-09-26,6.688961029052734
2023-09-27,6.596298694610596
2023-09-28,6.5256242752075195
2023-09-29,6.6347761154174805
2023-10-02,6.644985675811768
2023-10-03,6.67875337600708
2023-10-04,6.665402889251709
2023-10-05,6.499711513519287
2023-10-06,6.416470050811768
2023-10-09,6.553666591644287
2023-10-10,6.558424472808838
2023-10-11,6.661519527435303
2023-10-13,6.648830890655518
2023-10-16,6.44422721862793
2023-10-17,6.424402713775635
2023-10-18,6.431537628173828
2023-10-19,6.546528339385986
2023-10-20,6.428366661071777
2023-10-23,6.3879218101501465
2023-10-24,6.344305038452148
2023-10-25,6.273723602294922
2023-10-26,6.448986053466797
2023-10-27,6.4957756996154785
2023-10-30,6.5259108543396
2023-10-31,6.502913475036621
2023-11-01,6.526702404022217
2023-11-03,6.5417704582214355
2023-11-06,6.370473861694336
2023-11-07,6.3926801681518555
2023-11-08,6.408542633056641
2023-11-09,6.500605583190918
2023-11-10,6.6342997550964355
2023-11-13,6.642306327819824
2023-11-14,6.642306327819824
2023-11-16,6.593471527099609
2023-11-17,6.644708633422852
2023-11-20,6.647110462188721
2023-11-21,6.605480670928955
2023-11-22,6.647909164428711
2023-11-23,6.66071891784668
2023-11-24,6.66071891784668
2023-11-27,6.628696441650391
2023-11-28,6.604680061340332
2023-11-29,6.524623870849609
2023-11-30,6.564651966094971
2023-12-01,6.460577487945557
2023-12-04,6.468581676483154
2023-12-05,6.636702537536621
2023-12-06,6.532628536224365
2023-12-07,6.532628536224365
2023-12-08,6.460577487945557
2023-12-11,6.4205498695373535
2023-12-12,6.340492248535156
2023-12-13,6.43656063079834
2023-12-14,6.516618251800537
2023-12-15,6.388526439666748
2023-12-18,6.404538154602051
2023-12-19,6.364509105682373
2023-12-20,6.364509105682373
2023-12-21,6.428554534912109
2023-12-22,6.4205498695373535
2023-12-26,6.532628536224365
2023-12-27,6.588668346405029
2023-12-28,6.628696441650391
2024-01-02,6.636702537536621
2024-01-03,6.572658061981201
2024-01-04,6.644708633422852
2024-01-05,6.628696441650391
2024-01-08,6.644708633422852
2024-01-09,6.632591247558594
2024-01-10,6.632591247558594
2024-01-11,6.616432189941406
2024-01-12,6.616432189941406
2024-01-15,6.592195510864258
2024-01-16,6.656826972961426
2024-01-17,6.672983169555664
2024-01-18,6.6810622215271
2024-01-19,6.6810622215271
2024-01-22,6.6810622215271
2024-01-23,6.672983169555664
2024-01-24,6.689140319824219
2024-01-25,6.721456527709961
2024-01-26,6.7860846519470215
2024-01-29,6.7860846519470215
2024-01-30,6.7860846519470215
2024-01-31,6.769927978515625
2024-02-01,6.737612247467041
2024-02-02,6.769927978515625
2024-02-05,6.648746967315674
2024-02-06,6.600275993347168
2024-02-07,6.592195510864258
2024-02-08,6.600344657897949
2024-02-09,6.584048271179199
2024-02-14,6.632940292358398
2024-02-15,6.624790191650391
2024-02-16,6.649237155914307
2024-02-19,6.567750930786133
2024-02-20,6.722573757171631
2024-02-21,6.641088485717773
2024-02-22,6.624790191650391
2024-02-23,6.600344657897949
2024-02-26,6.584048271179199
2024-02-27,6.535157203674316
2024-02-28,6.600344657897949
2024-02-29,6.7388715744018555
2024-03-01,6.518859386444092
2024-03-04,6.584048271179199
2024-03-05,6.453671455383301
2024-03-06,6.478116512298584
2024-03-07,6.478116512298584
2024-03-08,6.52744197845459
2024-03-11,6.461674690246582
2024-03-12,6.469895362854004
2024-03-13,6.453453063964844
2024-03-14,6.44523286819458
2024-03-15,6.4287919998168945
2024-03-18,6.437011241912842
2024-03-19,6.437011241912842
2024-03-20,6.44523286819458
2024-03-21,6.4287919998168945
2024-03-22,6.437011241912842
2024-03-25,6.4287919998168945
2024-03-26,6.4287919998168945
2024-03-27,6.44523286819458
2024-03-28,6.560325622558594
2024-04-01,6.511000633239746
2024-04-02,6.54388427734375
2024-04-03,6.54388427734375
2024-04-04,6.52744197845459
2024-04-05,6.54388427734375
2024-04-08,6.568766117095947
2024-04-09,6.577059745788574
2024-04-10,6.535590171813965
2024-04-11,6.47753381729126
2024-04-12,6.519002914428711
2024-04-15,6.444356918334961
2024-04-16,6.444356918334961
2024-04-17,6.444356918334961
2024-04-18,6.43606424331665
2024-04-19,6.419475555419922
2024-04-22,6.427769660949707
2024-04-23,6.502415657043457
2024-04-24,6.527297019958496
2024-04-25,6.469238758087158
2024-04-26,6.253597259521484
2024-04-29,6.419475555419922
2024-04-30,6.4609456062316895
2024-05-02,6.510709285736084
2024-05-03,6.510709285736084
2024-05-06,6.535590171813965
2024-05-07,6.543883800506592
2024-05-08,6.577059745788574
2024-05-09,6.476646900177002
2024-05-10,6.493382453918457
2024-05-13,6.4264397621154785
2024-05-14,6.401336193084717
2024-05-15,6.434807777404785
2024-05-16,6.401336193084717
2024-05-17,6.392968654632568
2024-05-20,6.4682793617248535
2024-05-21,6.5017499923706055
2024-05-22,6.443174839019775
2024-05-23,6.41807222366333
2024-05-24,6.409703254699707
2024-05-27,6.409703254699707
2024-05-28,6.401336193084717
2024-05-29,6.3762335777282715
2024-05-31,6.342761993408203
2024-06-03,6.392968654632568
2024-06-04,6.401336193084717
2024-06-05,6.384600639343262
2024-06-06,6.367866039276123
2024-06-07,6.401336193084717
2024-06-10,6.359111309051514
2024-06-11,6.367556095123291
2024-06-12,6.342221736907959
2024-06-13,6.232436180114746
2024-06-14,6.232436180114746
2024-06-17,6.181766986846924
2024-06-18,6.257771015167236
2024-06-19,6.257771015167236
2024-06-20,6.257771015167236
2024-06-21,6.1733198165893555
2024-06-24,6.190210342407227
2024-06-25,6.240880489349365
2024-06-26,6.1733198165893555
2024-06-27,6.240880489349365
2024-06-28,6.342221736907959
2024-07-01,6.3168864250183105
2024-07-02,6.291551113128662
2024-07-03,6.325331211090088
2024-07-04,6.333776473999023
2024-07-05,6.359111309051514
2024-07-08,6.283106803894043
2024-07-09,6.283106803894043
2024-07-10,6.2662153244018555
2024-07-11,6.240880489349365
2024-07-12,6.274660587310791
2024-07-15,6.291551113128662
2024-07-16,6.274660587310791
2024-07-17,6.240880489349365
2024-07-18,6.249326229095459
2024-07-19,6.283106803894043
2024-07-22,6.325331211090088
2024-07-23,6.2999958992004395
2024-07-24,6.274660587310791
2024-07-25,6.2662153244018555
2024-07-26,6.240880489349365
2024-07-29,6.232436180114746
2024-07-30,6.190210342407227
2024-07-31,6.291551113128662
2024-08-01,6.232436180114746
2024-08-02,6.232436180114746
2024-08-05,6.249326229095459
2024-08-06,6.257771015167236
2024-08-07,6.325331211090088
2024-08-08,6.308281421661377
2024-08-09,6.29975700378418
2024-08-12,6.291232585906982
2024-08-13,6.291232585906982
2024-08-14,6.333855152130127
2024-08-15,6.461726188659668
2024-08-16,6.4020538330078125
2024-08-19,6.385004043579102
2024-08-20,6.410577774047852
2024-08-21,6.478775978088379
2024-08-22,6.308281421661377
2024-08-23,6.410577774047852
2024-08-26,6.410577774047852
2024-08-27,6.470250606536865
2024-08-28,6.504349231719971
2024-08-29,6.504349231719971
2024-08-30,6.640745639801025
2024-09-02,6.444675922393799
2024-09-03,6.410577774047852
2024-09-04,6.444675922393799
2024-09-05,6.504349231719971
2024-09-06,6.478775978088379
2024-09-09,6.495984077453613
2024-09-10,6.4185471534729
2024-09-11,6.341113090515137
2024-09-12,6.341113090515137
2024-09-13,6.349717140197754
2024-09-16,6.358320713043213
2024-09-17,6.246469497680664
2024-09-18,6.212053298950195
2024-09-19,6.237865447998047
2024-09-20,6.272280693054199
2024-09-23,6.2292609214782715
2024-09-24,6.237865447998047
2024-09-25,6.194844722747803
2024-09-26,6.2292609214782715
2024-09-27,6.315300941467285
2024-09-30,6.366924285888672
2024-10-01,6.12601375579834
2024-10-02,6.255073070526123
2024-10-03,6.151825428009033
2024-10-04,6.1432204246521
2024-10-07,6.151825428009033
2024-10-08,6.169203758239746
2024-10-09,6.134448051452637
2024-10-10,5.969356060028076
2024-10-11,6.203958511352539
2024-10-14,5.899844646453857
2024-10-15,5.9519782066345215
2024-10-16,5.856398582458496
2024-10-17,5.89115571975708
2024-10-18,5.89115571975708
2024-10-21,6.1083807945251465
2024-10-22,6.02148962020874
2024-10-23,5.821642875671387
2024-10-24,5.786887168884277
2024-10-25,5.795576095581055
2024-10-28,5.943289279937744
2024-10-29,5.925911903381348
2024-10-30,6.064935207366943
2024-10-31,6.0736236572265625
2024-11-01,5.986733436584473
2024-11-04,5.943289279937744
2024-11-05,5.9519782066345215
2024-11-06,5.9519782066345215
2024-11-07,5.9780449867248535
2024-11-08,6.127276420593262
2024-11-11,5.88148307800293
2024-11-12,5.872705936431885
2024-11-13,5.872705936431885
2024-11-14,5.890261650085449
2024-11-18,6.013157844543457
2024-11-19,6.004380226135254
2024-11-21,5.960488796234131
2024-11-22,5.9517107009887695
2024-11-25,5.960488796234131
2024-11-26,5.960488796234131
2024-11-27,5.916596412658691
2024-11-28,5.802478313446045
2024-11-29,5.907818794250488
2024-12-02,5.88148307800293
2024-12-03,5.697137832641602
2024-12-04,5.741029739379883
2024-12-05,5.793699741363525
2024-12-06,5.6356892585754395
2024-12-09,5.742190837860107
2024-12-10,5.715566158294678
2024-12-11,5.680065631866455
2024-12-12,5.546939373016357
2024-12-13,5.520313739776611
2024-12-16,5.3428120613098145
2024-12-17,5.351686954498291
2024-12-18,5.351686954498291
2024-12-19,5.546939373016357
2024-12-20,5.449312210083008
2024-12-23,5.413812637329102
2024-12-26,5.449312210083008
2024-12-27,5.307311534881592
2024-12-30,5.378312110900879
2025-01-02,5.484812259674072
2025-01-03,5.4404377937316895
2025-01-06,5.511438846588135
2025-01-07,5.262935638427734
2025-01-08,5.369437217712402
2025-01-09,5.328997611999512
2025-01-10,5.248119354248047
2025-01-13,5.391903400421143
2025-01-14,5.391903400421143
2025-01-15,5.373929977416992
2025-01-16,5.346970558166504
2025-01-17,5.38291597366333
2025-01-20,5.3110246658325195
2025-01-21,5.266092300415039
2025-01-22,5.131294250488281
2025-01-23,5.38291597366333
2025-01-24,5.355957508087158
2025-01-27,5.328997611999512
2025-01-28,5.418862819671631
2025-01-29,5.302038192749023
2025-01-30,5.346970558166504
2025-01-31,5.589606761932373
2025-02-03,5.38291597366333
2025-02-04,5.409875869750977
2025-02-05,5.346970558166504
2025-02-06,5.373929977416992
2025-02-07,5.50872802734375
2025-02-10,5.572360038757324
2025-02-11,5.226928234100342
2025-02-12,5.254199028015137
2025-02-13,5.317831039428711
2025-02-14,5.3905534744262695
2025-02-17,5.535998344421387
2025-02-18,5.381464004516602
2025-02-19,5.299649715423584
2025-02-20,5.336010932922363
2025-02-21,5.317831039428711
2025-02-24,5.481456756591797
2025-02-25,5.454185962677002
2025-02-26,5.363282680511475
2025-02-27,5.3905534744262695
2025-02-28,5.454185962677002
2025-03-05,5.481456756591797
2025-03-06,5.554179668426514
2025-03-07,5.517818927764893
2025-03-10,5.454185962677002
2025-03-11,5.608720302581787
2025-03-12,5.567378520965576
2025-03-13,5.769495487213135
2025-03-14,5.852178573608398
2025-03-17,5.999173164367676
2025-03-18,6.045107841491699
2025-03-19,6.017547607421875
2025-03-20,6.008359909057617
2025-03-21,5.971611022949219
2025-03-24,5.8981146812438965
2025-03-25,5.815430641174316
2025-03-26,5.962424278259277
2025-03-27,5.778682231903076
2025-03-28,5.760307788848877
2025-03-31,5.824617862701416
2025-04-01,5.86136531829834
2025-04-02,5.695998191833496
2025-04-03,5.695998191833496
2025-04-04,5.695998191833496
2025-04-07,5.594940185546875
2025-04-08,5.590297698974609
2025-04-09,5.618155002593994
2025-04-10,5.618155002593994
2025-04-11,5.618155002593994
2025-04-14,5.618155002593994
2025-04-15,5.618155002593994
2025-04-16,5.673872947692871
2025-04-17,5.646014213562012
2025-04-22,5.711018085479736
2025-04-23,5.720304012298584
2025-04-24,5.757449150085449
2025-04-25,5.803880214691162
2025-04-28,5.850311279296875
2025-04-29,5.915314197540283
2025-04-30,6.0267486572265625
2025-05-02,5.943172931671143
2025-05-05,5.8688836097717285
2025-05-06,5.878169536590576
2025-05-07,5.97103214263916
2025-05-08,5.9896039962768555
2025-05-09,6.027097702026367
2025-05-12,5.952110290527344
2025-05-13,5.942737102508545
2025-05-14,5.998977184295654
2025-05-15,5.998977184295654
2025-05-16,6.017724514007568
2025-05-19,6.045844554901123
2025-05-20,6.008350849151611
2025-05-21,6.045844554901123
2025-05-22,6.036470890045166
2025-05-23,6.017724514007568
2025-05-26,6.017724514007568
2025-05-27,5.914616584777832
2025-05-28,5.980230808258057
2025-05-29,6.036470890045166
2025-05-30,6.055217742919922
2025-06-02,6.045844554901123
2025-06-03,5.933363914489746
2025-06-04,5.830255508422852
2025-06-05,5.839630126953125
2025-06-06,5.923990249633789
2025-06-09,5.890841484069824
2025-06-10,6.032904148101807
2025-06-11,5.947666645050049
2025-06-12,5.995020866394043
2025-06-13,6.023433685302734
2025-06-16,5.966609001159668
2025-06-17,5.928725719451904
2025-06-18,5.957138538360596
2025-06-20,6.070786952972412
2025-06-23,6.070786952972412
2025-06-24,6.042375564575195
2025-06-25,6.013962745666504
2025-06-26,5.786664009094238
2025-06-27,5.871901035308838
2025-06-30,5.890841484069824
2025-07-01,6.051845550537109
2025-07-02,6.06131649017334
2025-07-03,6.032904148101807
2025-07-04,6.023433685302734
2025-07-07,5.625659942626953
2025-07-08,5.6400227546691895
2025-07-09,5.687901020050049
2025-07-10,5.707051753997803
2025-07-11,5.707051753997803
2025-07-14,5.726203441619873
2025-07-15,5.774081230163574
2025-07-16,5.774081230163574
2025-07-17,5.75493049621582
2025-07-18,5.735778331756592
2025-07-21,5.687901020050049
2025-07-22,5.716627597808838
2025-07-23,5.687901020050049
2025-07-24,5.697476387023926
2025-07-25,5.716627597808838
2025-07-28,5.687901020050049
2025-07-29,5.649598598480225
2025-07-30,5.994320392608643
2025-07-31,5.821959495544434
2025-08-01,5.965593338012695
2025-08-04,5.994320392608643
2025-08-05,5.927290439605713
2025-08-06,5.850686550140381
2025-08-07,5.841109752655029
2025-08-08,5.807234764099121
2025-08-11,5.816914081573486
2025-08-12,5.807234764099121
2025-08-13,5.758841037750244
2025-08-14,5.787877559661865
2025-08-15,5.73948335647583
2025-08-18,6.862215518951416
2025-08-19,6.0782389640808105
2025-08-20,5.923379421234131
2025-08-21,5.807234764099121
2025-08-22,5.874985694885254
2025-08-25,5.778198719024658
2025-08-26,5.778198719024658
2025-08-27,5.758841037750244
2025-08-28,5.807234764099121
2025-08-29,5.923379421234131
2025-09-01,5.971773624420166
2025-09-02,5.952415943145752
2025-09-03,5.981451511383057
2025-09-04,6.0492024421691895
2025-09-05,6.0492024421691895
2025-09-08,6.014971733093262
2025-09-09,5.936728000640869
2025-09-10,5.926947593688965
2025-09-11,5.956288814544678
2025-09-12,6.014971733093262
2025-09-15,6.005190849304199
2025-09-16,5.858484268188477
2025-09-17,5.878045558929443
2025-09-18,5.858484268188477
2025-09-19,5.858484268188477
2025-09-22,5.878045558929443
2025-09-23,5.868264675140381
2025-09-24,5.878045558929443
2025-09-25,5.868264675140381
2025-09-26,5.858484268188477
2025-09-29,5.858484268188477
2025-09-30,5.858484268188477
2025-10-01,5.858484268188477
2025-10-02,5.858484268188477
2025-10-03,5.858484268188477
2025-10-06,5.838923454284668
2025-10-07,5.858484268188477
2025-10-08,5.843652725219727
2025-10-09,5.784326553344727
2025-10-10,5.784326553344727
2025-10-13,5.794214248657227
2025-10-14,5.754663467407227
2025-10-15,5.853540897369385
2025-10-16,5.784326553344727
2025-10-17,5.833765506744385
2025-10-20,5.764551162719727
2025-10-21,5.794214248657227
2025-10-22,5.764551162719727
2025-10-23,5.645898342132568
2025-10-24,5.724999904632568
2025-10-27,5.705224514007568
2025-10-28,5.685449123382568
2025-10-29,5.695337295532227
2025-10-30,5.715112686157227
2025-10-31,5.645898342132568
2025-11-03,5.685449123382568
2025-11-04,5.695337295532227
2025-11-05,5.724999904632568
2025-11-06,5.685449123382568
2025-11-07,5.724999904632568
2025-11-10,5.789999961853027
2025-11-11,5.869999885559082
2025-11-12,5.880000114440918
2025-11-13,5.820000171661377
2025-11-14,5.880000114440918
2025-11-17,5.840000152587891
2025-11-18,5.860000133514404
2025-11-19,5.860000133514404
2025-11-21,5.840000152587891
2025-11-24,5.829999923706055
2025-11-25,5.789999961853027
2025-11-26,5.71999979019165
2025-11-27,5.800000190734863
